4264709
3968532
3647166
3044728
3858719
3564498
2516596
3594066
3142420
3858315
3692686
3811757
8222437
6592217
3156901
2973133
2146196
4516874
3544191
3345260
3666686
3755951
2872548
5182594
3560763
3055605
3568221
3428547
3611934
5330298
4046402
3664203
3461855
3972108
3815418
3041004
3038800
3042051
2677859
3205264
3326984
2797002
3226474
3716221
3188687
2505798
2796759
2548341
2679043
2741305
2951714
1855501
2908016
2774173
2646874
2909193
2279306
2253153
2970368
2695721
3040276
2986511
3180425
2745815
6629355
2611087
2934178
2772304
2373616
2209343
2803797
2530129
4122962
2335514
2331870
3262304
2464616
2062830
2327099
2112561
2473612
2576890
2313285
1945671
2432815
2930655
2777690
2188946
2258059
2461276
2429342
2210839
1936660
1958452
2180742
1889596
2738874
2100873
2261130
2226716
2612804
2296886
2167273
2056447
2298104
2455184
2837137
2241266
2101237
1609475
2432689
2582607
2093993
2285071
2326067
1429362
2168498
1977412
2163370
1532225
1915880
2278971
1693186
2018966
2240280
1747427
1856253
2406517
1782435
2170872
1853462
1872213
1593469
1858003
1943817
1952198
1806411
922501
1828560
1942782
955900
2124410
1871161
1489110
1715319
1989132
2574376
561901
1928065
1547861
1863486
1853610
1810279
1229795
1597561
1926865
1698810
1597539
1566981
1609573
1507511
1891968
1612913
1676338
1736056
1295703
1830327
1758334
1737503
1678983
1503313
1761393
1551830
1479645
2241037
1541735
1532616
1553158
1661016
1266738
1493807
1355978
1454612
1896863
1693207
1415595
1484583
1515797
1572461
1418024
1321745
1356714
1381994
1652971
1284956
1394498
1170324
1370827
1059003
1714009
798339
859073
1392409
1259608
1408454
1441114
1264056
1356630
1313421
1583862
1453798
1320237
1229600
1020045
1256131
827621
1174418
1388745
1259041
4426478
1126823
1093125
1032181
1129444
1048307
971634
1011207
1093289
1115494
1056270
1015026
1041894
727266
1001845
1047219
904158
886125
862664
1086283
1063563
1050054
945178
955505
1044465
924156
903346
682403
864078
939844
912982
964816
863484
839229
771267
473352
794583
852789
825749
827558
822769
786740
905801
800688
720859
574615
782103
754746
692196
691448
827368
661140
769873
759261
680225
617518
653696
739369
653722
708649
666751
686492
663289
632443
2433239
632270
565746
642334
642303
580588
587937
595798
609605
539380
544457
563395
532974
559471
535926
532557
587044
539661
345715
548669
513299
368384
498418
501130
470666
506092
497318
491731
518235
469549
488234
505050
437509
440748
421889
422359
186863
409221
282903
430282
401515
371800
417452
414218
351687
385741
445148
408624
401514
364870
584025
397469
379238
353084
297523
395327
335051
332372
352955
327553
344055
307702
193513
326034
330614
337819
318195
190176
312246
307964
325958
163600
261331
294817
338633
296886
208610
292122
231538
270263
285150
273040
278264
160710
283759
254511
251448
256918
236666
231336
254499
267797
252134
231973
251248
199477
220133
248247
245368
276537
205765
188406
189863
202918
215680
219002
125849
139170
206422
213793
195184
199298
189293
162647
182389
172283
177742
156822
168612
152694
129544
127230
141723
120733
134230
107935
95296
103370
99067
88654
89844
84846
80299
65865
71132
24113
44405
56681
53851
33460
36634
28022
43249
38163
40925
36125
34876
35566
28531
29584
20305
27209
23521
20942
22895
16490
13601
17607
6195
7376
3968
3329
1398
1678
462
416
295
175
47