3406346
3612985
3673673
3416354
3303098
3685821
3018554
3724227
3503766
3473911
3314196
3032188
3074102
3214633
3500324
3577667
3530713
2177401
3552213
3607692
3339937
3339593
3681023
3138675
3248135
2870691
2848394
3381602
3241168
3167169
2336841
2954323
2984063
2478093
2760827
3121082
3270773
3047732
3140016
3243702
1999015
3239947
2689277
3132788
2771200
2838393
3252936
2971099
2999219
2811571
3052205
2044235
2869707
2956588
2726178
2998495
2904228
2684993
2963380
2856019
2734245
2733138
2447090
2575566
2619909
2975246
2983093
2727476
2694289
2118189
2630307
2601850
2473567
2445246
2763300
2724189
2509620
2647143
2372206
2527680
2527323
2581889
2505484
2437301
2329226
2287573
2415346
2613444
2417857
2267441
2465418
2361077
2546666
2175452
2189196
2538922
2465021
2509263
2247717
1962310
2038787
2263002
2295118
2240302
2085173
2338054
2236572
2263898
2414754
2313708
2174232
1958342
2139397
1983271
2275828
2168283
2220433
2180050
2171517
1979806
1898027
2247398
1758631
1918724
2131077
2209165
2178318
1906734
2116315
1868522
1931417
2027190
1941631
1982242
1356244
1840235
2053840
1755305
1713999
2012245
1828355
1870464
1886348
1755368
1851618
1759553
1803271
1783664
1766082
1974563
1609514
1809359
1776010
1634271
1607409
1740643
1649565
1796183
1854293
1759026
1728366
1667327
1639893
1667200
1594854
1477622
1704734
1628622
1535518
1597825
1765878
1517300
1701554
1690234
1516796
1599372
1719345
1590420
1680735
1464479
1554931
1637543
1499049
1524698
1509729
1546443
1488767
1483675
1367878
1546687
1406590
1561552
1479196
1451606
1217128
1525687
1470593
1520758
1446315
1309165
1412930
1324157
1298971
1380905
1414614
1362048
1403044
1413458
1311664
1319538
1284685
1351060
1263904
1275910
1083941
1212091
1266387
1147793
1148873
994421
1219600
1137090
1093896
1070625
1154090
1106337
1084971
1144322
1064892
921816
1029018
967857
981045
1055117
990281
1031867
1092043
973558
918373
876441
976805
955393
949600
879624
928567
913320
983093
835222
934463
865090
811919
879374
828973
829044
544323
737863
838398
794763
807726
832066
771238
768325
731516
775332
612167
749144
746980
761857
687065
736125
652612
753319
722916
683705
657507
693439
664594
657797
658715
655198
544527
583472
555603
646499
552370
636648
612658
653074
601764
634075
610012
563695
585579
547023
570687
565779
534422
537507
527000
515839
545590
417147
508315
515366
421116
508668
488230
476399
488689
465039
458686
476413
451257
463473
454259
439327
440364
454047
437444
178951
420119
271895
442578
411511
377560
401553
385956
344243
382609
388299
372479
385004
393670
311466
382531
379014
349925
309399
364744
380571
360797
334982
368292
327369
392693
333210
323732
326285
309432
318229
305629
333986
312182
291481
175420
236605
274698
264202
240187
198130
282456
223379
314582
272346
302511
265759
152848
261187
258433
260275
249824
237057
264326
238403
235139
250089
229140
219392
261159
224670
222298
210671
198777
252399
237690
245361
199017
194555
194119
110969
102029
196186
192956
172769
189038
169111
204924
174542
155834
162942
208992
152950
132832
114630
143870
125269
113704
102903
128693
40504
92450
96963
94998
74853
79787
76294
78842
67746
22682
48317
62423
58564
36175
42410
23905
43790
36743
40035
35762
34727
31489
29985
28448
19746
27063
22736
23014
21606
20275
14400
16563
6934
7428
4125
3179
1376
1729
450
380
264
173
51