0.03298891182376741  0
0.034078366645789296  0
0.03520380058150756  0
0.036366401836799296  0
0.03756739785789697  0
0.038808056627296375  0
0.040089688002461814  0
0.041413645098741916  0
0.04278132571795595  0
0.044194173824159216  0
0.04565368106814522  0
0.04716138836229446  0
0.048718887507432404  0
0.05032782287341419  0
0.05198989313521051  0
0.053706853066327435  0
0.05548051539145378  0
0.05731275270029195  0
0.05920549942459267  0
0.06116075388048125  0
0.06318058037823128  0
0.06526711140171336  0
0.06742254985981998  0
0.06964917141224326  0
0.07194932687206142  0
0.07432544468767005  0
0.07678003350667936  0
0.07931568482448333  0
0.08193507572029775  0
0.08464097168355579  0
0.08743622953364442  0
0.0903238004360654  0
0.09180315208356137  0
0.09330673301820405  0
0.0948349400748884  0
0.09638817658799628  0
0.09796685249784703  0
0.09957138445889167  0
0.10120219594967897  0
0.10285971738462278  0
0.10454438622759976  0
0.1062566471074077  0
0.10799695193511484  0
0.1097657600233312  0
0.11156353820743341  0
0.1133907609687749  0
0.1152479105599141  0
0.1171354771318937  0
0.1190539588636046  0
0.12100386209326837  0
0.12298570145207346  0
0.12499999999999997  0
0.1270472893638691  0
0.12912810987765355  0
0.1312430107250859  0
0.13339255008460296  0
0.1355772952766636  0
0.13779782291348006  0
0.1400547190512008  0
0.14234857934458642  0
0.14468000920421883  0
0.14704962395628512  0
0.1494580490049784  0
0.1519059199975586  0
0.15439388299211665  0
0.1569225946280864  0
0.15949272229954894  0
0.16210494433137615  0
0.16475995015825795  0
0.16745844050666284  0
0.17020112757977807  0
0.17298873524547895  0
0.1758219992273769  0
0.17870166729899623  0
0.18162849948113155  0
0.18460326824243742  0
0.18762675870330311  0
0.19069976884306722  0
0.19382310971062494  0
0.19699760563848576  0
0.20022409446033662  0
0.20350342773216842  0
0.20683647095702426  0
0.21022410381342863  0
0.21366722038755784  0
0.21716672940921328  0
0.220723554491659  0
0.2243386343753883  0
0.2280129231758816  0
0.23174739063542313  0
0.23554302237904173  0
0.23940082017464337  0
0.24332180219740412  0
0.24730700329849384  0
0.2513574752782007  1
0.2534075212378723  0
0.25547428716352916  0
0.2575579094215102  0
0.25965852549034457  0
0.2617762739698224  0
0.2639112945901392  0
0.2660637282211161  0
0.2682337168814938  0
0.27042140374830376  0
0.2726269331663143  0
0.2748504506575555  0
0.27709210293091957  0
0.27935203789184215  0
0.2816304046520604  0
0.28392735353945125  0
0.286243036107951  0
0.28857760514755393  0
0.2909312146943943  0
0.2933040200409092  0
0.29569617774608525  0
0.29810784564578774  0
0.30053918286317577  0
0.3029903498192002  0
0.30546150824318924  0
0.3079528211835189  0
0.3104644530183709  0
0.312996569466579  0
0.3155493375985626  0
0.31812292584735063  0
0.32071750401969445  0
0.3233332433072723  0
0.3259703162979839  0
0.3286288969873385  0
0.3313091607899353  0
0.3340112845510363  1
0.3367354465582364  0
0.3394818265532251  0
0.34225060574364763  0
0.3450419668150594  0
0.3478560939429815  0
0.3506931728050511  0
0.35355339059327356  0
0.3564369360263735  0
0.3593439993622454  0
0.36227477241050865  0
0.3652294485451616  0
0.3682082227173418  0
0.371211291468188  0
0.3742388529418088  0
0.37729110689835554  0
0.3803682547272036  0
0.3834704994602389  0
0.3865980457852552  0
0.3897511000594592  0
0.3929298703230852  0
0.3961345663131234  0
0.3993653994771566  1
0.4026225829873135  0
0.40590633175433205  0
0.4092168624417411  0
0.4125543934801543  0
0.4159191450816839  0
0.4193113392544695  0
0.4227311998173261  0
0.4261789524145127  0
0.4296548245306193  0
0.4331590455055777  0
0.4366918465497921  0
0.4402534607593959  0
0.4438441231316302  0
0.4474640705803502  0
0.4511135419516558  0
0.4547927780396519  0
0.4585020216023355  0
0.46224151737761254  0
0.4660115120994472  0
0.4698122545141399  0
0.47364399539674135  0
0.4775069875675973  0
0.4814014859090312  0
0.48532774738215995  0
0.4892860310438498  0
0.49327659806380847  0
0.49729971174181636  0
0.5013556375251011  1
0.50544464302585  0
0.5095669980388688  0
0.5137229745593817  0
0.5179128468009785  0
0.5221368912137068  0
0.5263953865023131  0
0.5306886136446309  0
0.5350168559101206  0
0.5393803988785598  0
0.5437795304588846  0
0.5482145409081883  0
0.5526857228508704  0
0.5571933712979462  0
0.5617377836665097  0
0.5663192597993596  0
0.5709381019847807  0
0.575594614976491  0
0.5802891060137492  0
0.5850218848416249  0
0.5897932637314378  1
0.5946035575013603  0
0.5994530835371902  0
0.6043421618132906  0
0.6092711149137041  0
0.6142402680534348  0
0.6192499490999079  0
0.6243004885946022  0
0.6293922197748579  0
0.6345254785958665  0
0.6397006037528343  0
0.6449179367033328  0
0.6501778216898251  0
0.6554806057623821  0
0.6608266388015785  0
0.6662162735415806  0
0.6716498655934174  0
0.677127773468446  0
0.6826503586020057  0
0.6882179853772648  0
0.6938310211492644  0
0.6994898362691553  0
0.7051948041086352  0
0.7109463010845825  0
0.7167447066838943  0
0.7225904034885231  0
0.7284837772007215  0
0.7344252166684907  0
0.7404151139112355  0
0.7464538641456322  0
0.7525418658117029  0
0.7586795205991071  0
0.7648672334736432  0
0.7711054127039703  1
0.777394469888544  0
0.7837348199827764  0
0.790126881326412  0
0.796571075671133  0
0.8030678282083852  0
0.8096175675974315  0
0.8162207259936374  0
0.822877739076982  0
0.8295890460808079  0
0.836355089820798  0
0.8431763167241966  0
0.8500531768592614  0
0.8569861239649625  0
0.8639756154809185  0
0.8710221125775781  0
0.8781260801866492  0
0.885287987031777  0
0.8925083056594673  0
0.8997875124702676  0
0.9071260877501988  0
0.9145245157024483  0
0.9219832844793129  0
0.9295028862144095  0
0.9370838170551494  0
0.9447265771954693  0
0.9524316709088371  0
0.960199606581523  0
0.9680308967461468  0
0.9759260581154889  0
0.9838856116165879  0
0.991910082425109  0
0.9999999999999997  1
