723
1408
1676
2807
4386
5239
9701
9813
12578
18837
25237
25489
27066
30257
35474
42167
47212
49106
52784
54926
67614
79757
83846
101604
103726
106058
107654
117964
119280
126291
127835
128786
134524
140721
152437
160391
160591
162551
167924
178805
186108
196749
197705
198500
222433
249321
251554
252835
253480
257474
259064
269891
277664
290153
318406
325150
365413
373134
373168
385842
389504
427133
446487
451504
510607
524351
542286
576150
587824
627476
651314
679275
681155
685706
725298
802341
854628
856365
890551
891356
915869
977061
1009320
1048138
1154806
1194967
1282035
1305685
1386994
1399032
1403284
1442953
1456545
1562610
1606381
1627353
1643716
1661991
1680120
1726193