456
698
719
1269
2410
2593
4789
5445
5599
5834
8146
9022
10614
10810
11194
11667
12624
13516
14222
14446
14449
16205
17513
17586
18312
18518
20881
21152
22257
23267
23321
24536
24974
25687
26128
26248
26365
26519
29332
29682
31296
31318
31740
32119
32179
32496
33459
33840
34400
34513
35043
35751
36796
36845
37049
37220
37572
39727
40049
41378
41872
42275
42803
43396
45695
46909
47927
47947
48348
48512
50297
51001
51246
51326
51573
52536
53916
54654
55079
55408
55584
55667
56315
56785
57853
58585
58931
59989
60099
60754
61318
61579
61662
62059
62372
62509
63791
64139
64580
64683
65207
65390
65896
66119
66895
67614
67701
68278
68852
68880
69744
69791
70375
71554
71778
71845
72051
72334
73671
74591
74784
74795
74829
74859
75146
75684
76186
76281
76944
79185
79196
79878
80056
80332
80444
80507
81006
81049
82033
82363
84279
84397
84762
85217
85668
85852
86821
87078
87080
88532
88577
90215
90355
90385
90587
90662
90691
91807
92336
93654
93677
93970
94039
94613
96177
96844
98887
99141
99204
100055
101444
101454
101467
102803
103710
103899
104292
104400
104634
105771
105788
106409
106601
106904
107068
108379
108741
109114
110120
110320
110487
111354
111433
111718
112663
114446
115311
115447
115931
116337
116508
116821
116835
116975
117428
118942
118943
120058
120791
120890
120972
121219
121433
121693
121745
122181
122311
123311
123340
123439
123937
124226
124584
124855
125594
126110
126499
127615
128169
128640
132217
132785
134251
134328
134720
137344
138849
139287
139814
140594
141031
141130
141719
141814
141894
144601
144864
145483
146089
146180
148159
148411
148932
150360
150955
151548
152297
153407
153412
153862
154082
154200
154243
154569
154686
155005
156885
156946
158279
158366
158515
158939
159913
160041
160817
161193
161391
163314
163665
164692
164833
166511
167112
167486
167724
168157
169085
169347
169819
170278
170624
172135
172526
172748
174275
174611
175517
176643
177414
177596
178345
179066
180180
180623
180874
182377
182638
182732
183633
185183
188670
189176
190589
191403
191978
192308
192349
193332
193610
193898
193994
194060
194929
195729
195977
195981
196294
196406
196496
198393
200007
201323
202511
205549
207316
208042
208479
209731
211379
212656
213283
215561
216975
218244
219955
221159
221669
221926
222947
223798
224641
225220
225796
227383
227664
229103
229443
229497
230508
230730
232059
232279
233064
233350
233730
234526
235469
236264
237368
237551
239581
241700
244171
244469
246019
246500
247527
250420
255495
255576
255881
257100
257265
262012
263571
264325
266063
266328
266330
269851
270786
271467
271873
271914
272941
273854
276852
277262
277290
277408
278093
278927
279630
279989
280024
282623
283157
284686
285450
286327
288917
289261
290800
290955
292890
293227
294945
295040
295732
296353
297522
298533
298821
299405
300845
301460
301659
302842
302843
304001
308394
310807
311078
311826
313364
313950
314114
314251
315071
315187
317283
318157
318991
320369
322847
325150
326370
327657
328845
328909
329169
335004
335365
335521
337185
339460
340814
341613
342954
343503
347046
347083
349476
349513
351597
353493
354064
354432
357038
362339
365052
366083
366785
367627
367794
369650
371018
372844
372853
375211
379247
379574
382469
382674
383823
384441
384847
386306
389482
389721
390914
390980
393604
393881
396798
398324
398810
401356
404999
411518
412721
413329
414072
415810
416996
419174
421183
421387
421704
422229
427027
429294
431956
432055
435196
435537
437073
437835
438139
440640
441205
441210
442605
442893
443203
445018
448909
449132
450983
451299
451677
452196
452292
453125
455042
456943
457464
460091
460578
461250
463153
463925
468188
468434
469955
472556
473274
474162
477614
478664
479483
486241
490558
490759
492922
496293
497048
502647
505093
505906
506949
508819
510917
511196
512343
512693
515192
517067
518301
518413
520460
521229
521244
523400
525321
528973
530327
531571
534519
535609
536607
544785
547618
548041
549609
551732
552921
556677
557840
560557
562484
564664
565393
565658
567502
567609
571064
572930
575756
576150
577902
579480
581374
582105
583291
584919
585549
588020
590174
593034
594884
595356
595944
597738
598069
605241
610297
614870
615209
615854
616101
620349
622912
625049
626684
627476
628704
629019
631679
631951
633282
634483
637381
637627
639385
641026
642020
642678
645855
646685
650290
651299
651314
651674
653485
653764
653889
654168
663365
666569
672674
673218
674890
683317
685559
685914
692952
695090
695173
696404
699125
699953
700572
701709
707926
710373
719701
721946
726081
728855
732541
733186
734168
736214
736652
737026
737163
740799
745019
749125
750333
754574
756053
757741
758824
759400
760786
761841
765311
767061
772440
786462
787037
789681
789962
798089
798813
799743
804809
804947
807099
807835
818743
826535
827823
838176
838483
839112
840696
843515
843695
844698
847123
848738
850410
854745
859239
864936
867484
869627
870486
870902
871420
874856
879222
884092
884758
885895
892793
893266
897991
902069
903930
907886
907949
917367
918958
929961
933493
943898
945593
948838
955096
955483
959049
960929
963291
965925
966749
970424
970474
975436
977061
979383
981662
987013
990220
991459
992949
994103
998357
1002713
1004505
1008035
1009810
1012888
1013014
1015483
1028595
1030754
1031661
1032740
1033513
1034086
1034764
1034891
1044223
1050330
1051125
1053380
1062701
1062836
1065123
1069941
1077369
1088636
1089637
1091219
1101332
1107050
1111505
1114064
1121339
1121804
1122758
1123479
1131521
1131631
1133489
1133837
1141274
1145163
1146881
1147047
1158416
1170900
1171157
1173247
1175388
1186487
1186876
1201322
1207859
1210020
1217289
1219476
1219538
1233274
1239311
1245956
1253627
1255687
1258372
1261107
1270374
1274442
1279396
1284721
1292705
1300574
1308406
1309780
1317792
1334722
1340433
1354296
1359400
1360619
1363429
1366485
1366530
1373442
1380487
1386471
1392912
1394651
1400163
1404140
1414559
1415574
1418774
1428769
1428902
1438651
1441346
1443841
1446966
1447890
1452943
1455122
1456545
1456995
1466458
1468016
1469858
1474974
1475168
1479302
1482845
1488273
1495183
1498207
1499651
1507113
1507921
1514217
1515375
1515728
1520558
1523660
1529867
1535409
1535895
1547187
1554937
1555443
1556310
1560096
1564912
1565912
1567682
1570626
1575031
1576405
1579345
1579372
1579429
1580901
1581481
1590261
1598092
1599060
1602854
1605042
1607439
1608305
1610800
1610807
1618032
1622723
1623757
1624232
1627353
1630023
1630919
1632211
1632565
1640558
1641294
1641350
1641560
1643788
1650076
1650925
1651803
1656435
1657390
1658414
1661886
1661991
1662256
1663414
1667450
1667645
1670019
1671646
1676891
1679261
1680324
1681137
1681418
1683333
1683719
1687589
1693173
1694867
1697099
1697552
1698747
1698842
1700205
1701538
1701744
1702477
1706225
1707791
1708292
1708629
1710162
1710636
1712704
1713138
1713246
1713441
1715402
1716463
1717763
1719090
1719573
1720832
1723688
1726318
1727972
1729386
1733644
1734602
1735246
1736258
1737352
1737631
1738299
1740730
1742839
1744047
1745116
1747206
1758016
1758901
1759551
1759891
1760548
1761218
1763757
1768554
1770605
1771966
1772527
1774303
1778221
1779666