3500015
2420392
3379706
3566014
3526699
3439942
3463320
3560842
3533635
3262289
3170535
3382037
3126092
3341810
3214538
3382278
3335787
1704989
2942055
3100687
3224974
3220649
2643137
3481273
3287851
3323329
3203623
3139648
2031851
3320721
3117927
3314065
2903785
3020416
2701692
3225906
3152887
3347271
3065348
1883001
3056532
2946076
3041779
3121522
2947921
3032377
2989741
3054533
2960176
3017898
2793833
2967793
2877123
2923698
2812463
3029592
2406543
2851361
2573733
2533099
2710684
2637597
2799688
2834136
2751616
2611379
2777584
2450642
2313477
2490909
2629022
2661006
2625936
2574891
2511282
2588179
1727370
2656805
2472492
2705131
2500947
2921004
2550433
2504769
2317297
2591741
2324415
2054333
2274598
2427180
2490370
2365953
1301279
2370703
2345830
1865257
2303822
2490999
2322202
2277753
2338922
2462115
2343466
2412471
2299763
2216433
2119558
2294812
2011340
2325716
2125156
2157549
2076919
2100672
2249467
2206701
2127502
2314148
1974681
2096470
2092357
2131772
1849741
2058291
1918739
1859803
1890908
2029751
2073237
2050279
1913813
1820405
1814651
1941566
1800851
1968158
2006041
2035870
1539797
1707990
1699053
1965259
1862411
1960915
1646687
1791784
1916062
1831866
1651250
1734356
1775464
1669744
1342921
1765186
1717134
1718054
1628492
1784866
1634477
1790437
1289347
1671584
1810720
1678559
1694361
1462770
1535465
1595299
1634762
1597532
1549031
1472752
1618611
1590437
1605946
1542566
1508837
1604077
1523700
1191260
951218
1593399
1505029
1156219
1569770
1618364
1127575
1660356
1439424
1443453
1481468
1497254
1558679
1457655
1481919
1399419
1400067
1354079
1507566
1403687
1367948
1430372
1348174
1384549
1322482
1263984
1368730
1206346
1388602
1221966
1200112
1264685
1286241
1202912
1091909
1241002
1230462
1189901
1205421
1114705
1170419
1161315
1138911
1081736
1058293
1060845
1059728
1049128
1098121
984334
1033791
1126635
1008418
1041176
1034184
1083005
1058672
677465
1017699
924211
950923
927038
987763
820754
904129
887058
968813
934061
830687
878287
944932
814957
877090
798308
872353
692033
867642
800634
799920
829042
783905
785091
724954
747902
750231
728385
742805
527112
720751
693614
678405
795397
696748
712349
405299
690214
604840
610297
683781
662676
617814
554018
550794
593882
580110
667839
632074
582402
591873
493069
567742
394979
606442
574586
613808
561171
511181
550847
517430
518150
327432
348536
458143
539085
521034
503512
366329
495394
504347
486784
456807
458715
464528
451362
450908
452366
447206
431795
445976
426279
421095
435896
444339
399376
408361
415878
382408
392674
395607
286595
384613
394579
373357
338510
347769
286915
343116
359361
323454
337461
359839
415223
278437
314807
235623
317706
302364
322423
323152
361850
217348
346105
302117
311187
302876
138477
364721
272147
283142
285245
276531
180499
263486
258539
264735
261129
284231
279990
240195
256538
247421
243362
248206
156667
236212
246658
242624
228676
261081
237049
125819
223297
219604
189797
199095
179407
218932
202776
193171
226642
226906
111775
116186
184522
191523
146049
189199
173336
196219
208517
178078
155802
117048
188354
131035
145989
137859
111384
95938
109162
91320
83848
85181
79025
76267
74854
76116
61746
66215
60331
61219
50357
37487
47330
39630
42898
34758
33100
36487
34053
33325
28620
29418
27551
25341
16310
23903
21676
19180
18870
18273
9903
5440
5649
4163
1581
1885
973
648
212
33
77